_	 58086913
	 13600486
	 13481186
	 10591298
	 7754983
	 7090338
	 6954825
	 6733142
	 6272531
	 5545927
	 5445139
_	 5243411
	 4215262
_	 3687465
	 3506647
	 3398524
_	 3258055
_	 3173156
	 3040372
_	 2961245
	 2831817
	 2829226
	 2582362
	 2499599
	 2325561
_	 2293355
_	 2262090
,	 2220215
,_	 2201583
	 2189116
_	 2169727
	 2154062
_	 2092457
.	 1875703
_	 1850148
	 1817066
._	 1796842
_	 1790198
	 1649592
_	 1607437
	 1606504
_	 1605224
_	 1527356
	 1484291
_	 1461613
_	 1448047
_	 1267605
	 1176098
	 1142223
	 1115244
	 1086666
	 1085673
	 1074993
_	 1070894
	 965647
	 953465
	 949966
	 926676
_	 920463
_	 908302
	 905611
	 873318
"	 852521
	 831820
	 806410
_	 801395
	 792816
	 792791
__	 760205
	 751847
-	 750278
_	 731989
_	 722368
_	 713340
	 699436
_	 698297
	 680561
	 671181
	 667849
	 666793
	 657064
	 649394
	 635778
	 631813
	 628394
	 625549
_	 625395
	 621449
_	 601401
e	 596235
	 595615
	 593729
	 570972
	 566293
	 539906
	 538785
-_	 531340
_	 527950
_	 515151
_	 512489
	 509460
	 508409
	 498854
	 497667
	 496587
	 493138
	 489825
_	 488952
	 483399
a	 482971
	 482360
	 482157
	 481196
	 480068
	 469697
_,	 467267
_	 465389
_,_	 462900
_	 460547
(	 460337
)	 458312
	 458069
_	 452532
_	 450582
	 450510
_(	 444296
_	 442431
	 441243
?	 436521
_	 435657
	 435480
__	 434511
_	 432164
_	 429696
i	 428660
	 419047
	 418484
	 417511
	 416622
	 415619
	 412566
	 411058
_	 410275
	 410009
	 406764
	 404861
_	 403211
_	 400448
	 394662
_	 393689
n	 392301
	 388113
o	 388084
__	 384557
	 382208
	 380864
	 380510
r	 380134
	 378334
	 371900
	 362655
	 361607
	 360787
	 358414
	 358234
	 355860
t	 353689
	 351849
_	 351780
_	 351496
_.	 351308
_	 345099
_	 344821
	 340317
	 340167
_._	 338874
	 337619
	 335313
	 334574
_	 333097
	 332969
	 330952
_	 328922
_	 328427
	 328276
	 327161
	 326675
	 324847
	 324395
	 323290
	 321826
	 321121
	 320692
	 319437
	 319160
	 315450
	 315432
	 314640
	 311487
	 309696
_	 308105
	 307951
s	 304976
_-	 304113
	 303419
	 303282
_	 301530
	 300958
_	 300636
_"	 297272
_	 297176
	 297040
	 296805
	 295907
	 294847
	 294735
_-_	 293509
_	 292729
_	 290280
	 288167
_	 286957
_	 284169
_	 283466
	 281416
	 280934
	 280917
	 280623
_	 280058
	 277890
	 273005
	 272900
	 271834
_	 268716
	 268099
	 266599
	 265735
_	 265656
	 264790
	 263956
)_	 263776
_	 263309
_	 259334
l	 259156
	 258686
	 257829
	 257808
	 257807
_	 251815
_	 250512
,	 250410
,_	 249595
	 249390
	 248927
_	 248475
	 248249
_	 247242
_	 247017
_	 246180
	 244806
_	 244661
	 244475
	 243202
	 241862
:	 241649
	 241456
_	 241212
	 240152
	 239071
	 238239
_	 237292
_	 235847
	 235691
	 235470
	 234169
'	 233364
	 233086
_	 232215
	 231190
	 230606
	 229128
:_	 228052
	 228044
,	 226987
,_	 226453
_	 226301
	 224446
	 223865
	 223713
_	 221258
_	 219819
_	 219590
	 219376
_	 218802
_	 218077
.	 217703
_	 217432
_	 216013
	 215898
_	 215572
._	 213954
	 213298
	 211791
.	 211608
	 210810
	 209790
._	 208139
	 206615
_	 205586
	 204568
_	 204259
_	 202940
_	 202885
_	 201280
	 200238
"_	 200030
	 199971
__	 198071
	 197516
_	 196818
	 196667
_	 194957
	 194542
_	 194299
	 193785
_	 193644
,	 193379
,_	 192951
_	 192355
	 190200
_	 189456
	 189276
_	 186852
	 186664
	 181887
	 181549
_	 180959
	 180644
	 179232
	 178786
h	 178405
_	 177901
	 177314
_	 177250
	 176808
??	 176732
	 176649
	 175596
d	 174256
_	 174231
_	 171619
_	 171311
,	 169162
_	 168902
,_	 168804
_	 168796
_	 168515
_	 168430
	 168242
	 167766
	 166749
u	 166387
	 166273
	 166201
_	 166097
	 165865
	 165789
	 165679
	 165498
c	 165222
_	 165216
_	 165023
	 164185
	 164087
.	 163158
	 161675
	 161607
_	 161311
._	 160514
	 160016
	 159949
__	 158845
_	 158186
	 157931
	 157315
	 156789
	 156750
	 155846
_	 155486
	 155313
.	 154966
_	 154667
	 153922
_	 153921
._	 152725
	 152532
	 152529
	 152290
	 151177
	 150906
_	 150603
